SRV009
3
2
185
SRV004
1
5
1825
SRV008
1
5
1780
SRV010
0
4
1931
SRV010
3
6
700
SRV010
2
4
31
SRV008
3
7
332
SRV007
3
2
1769
SRV007
3
4
1443
SRV009
1
7
715
SRV006
3
9
1107
SRV007
0
8
1512
SRV009
2
9
530
SRV003
0
2
506
SRV001
1
1
636
SRV006
1
4
1693
SRV010
3
9
686
SRV008
2
4
306
SRV003
3
9
684
SRV009
2
10
349
SRV004
1
3
1261
SRV004
3
4
1911
SRV007
2
10
1194
SRV001
2
9
428
SRV006
2
4
98
SRV005
0
2
1886
SRV006
1
7
296
SRV008
0
4
1809
SRV004
0
6
1395
SRV002
2
4
1581
SRV003
0
4
1726
SRV006
2
3
703
SRV006
2
8
1270
SRV001
3
5
1304
SRV006
2
1
831
SRV001
1
10
923
SRV001
1
5
807
SRV001
3
6
1405
SRV003
3
10
1573
SRV003
1
9
723
SRV003
1
2
1021
SRV006
3
3
411
SRV006
2
9
1971
SRV006
0
10
277
SRV010
0
8
1448
SRV010
0
9
1688
SRV010
1
5
744
